31 1
2 -0.6 3.995 -2.0 0.6 3.998 -1.0 1.5 1.5 1.5
2 -30.0 -30.0 -3.2 30.0 30.0 -3.0 0.4 0.4 0.4
2 -30.0 4.0 -10.0 30.0 4.5 10.0 0.2 0.2 0.2
2 -30.0 -3.5 -10.0 30.0 -3.0 10.0 0.25 0.25 0.25
2 2.9 -30.0 -10.0 3.0 30.0 10.0 0.5 0.0 0.0
2 -3.0 -30.0 -10.0 -2.9 30.0 10.0 0.0 0.3 0.0
1 -1.0 -2.2 -0.7 0.8 0.3 0.3 0.3 2
2 0.5 -3.0 -1.9 1.5 -0.2 -1.1 0.3 0.3 0.3
1 1.0 0.3 -1.5 0.5 0.9 0.9 0.9 3 1.8
1 -0.5 0.6 -1.0 0.9 1.0 1.0 1.0 3 1.12
2 -2.0 -3.0 -2.4 -1.5 -0.5 -2.0 0.4 0.4 0.4
1 -1.8 3.2 -2.8 0.2 0.0 0.0 0.8 2
1 -0.7 3.2 -2.8 0.2 0.0 0.0 0.8 2
1 0.7 3.2 -2.8 0.2 0.0 0.0 0.8 2
1 1.8 3.2 -2.8 0.2 0.0 0.0 0.8 2
1 -1.8 2.0 -2.8 0.2 0.0 0.0 0.8 2
1 -0.7 2.0 -2.8 0.2 0.0 0.0 0.8 2
1 0.7 2.0 -2.8 0.2 0.0 0.0 0.8 2
1 1.8 2.0 -2.8 0.2 0.0 0.0 0.8 2
1 -1.8 0.8 -2.8 0.2 0.0 0.0 0.8 2
1 -0.7 0.8 -2.8 0.2 0.0 0.0 0.8 2
1 0.7 0.8 -2.8 0.2 0.0 0.0 0.8 2
1 1.8 0.8 -2.8 0.2 0.0 0.0 0.8 2
1 -1.8 -0.4 -2.8 0.2 0.0 0.0 0.8 2
1 -0.7 -0.4 -2.8 0.2 0.0 0.0 0.8 2
1 0.7 -0.4 -2.8 0.2 0.0 0.0 0.8 2
1 1.8 -0.4 -2.8 0.2 0.0 0.0 0.8 2
1 -1.8 -1.6 -2.8 0.2 0.0 0.0 0.8 2
1 -0.7 -1.6 -2.8 0.2 0.0 0.0 0.8 2
1 0.7 -1.6 -2.8 0.2 0.0 0.0 0.8 2
1 1.8 -1.6 -2.8 0.2 0.0 0.0 0.8 2
2 -0.3 3.8 -1.3 0.6 0.0 0.6 3.0 3.0 3.0
0.0 0.0 2.6
0.0 0.0 -1.0
0.0 1.0 0.0
80
