13 2
1 0.0 0.0 -3.0 2.0 1.0 0.0 0.0 3 1.2
1 0.0 0.0 -5.5 0.5 0.0 1.0 0.0 2
1 2.5 0.0 -3.0 0.5 0.0 1.0 0.0 2
1 -2.5 0.0 -3.0 0.5 0.0 1.0 0.0 2
1 1.0 0.8 -0.7 0.2 0.0 0.0 0.8 2
1 -1.0 0.8 -0.7 0.2 0.0 0.0 0.8 2
1 1.0 -0.8 -0.7 0.2 0.0 0.0 0.8 2
1 -1.0 -0.8 -0.7 0.2 0.0 0.0 0.8 2
1 1.0 0.8 -4.7 0.2 0.0 0.0 0.8 2
1 -1.0 0.8 -4.7 0.2 0.0 0.0 0.8 2
1 1.0 -0.8 -4.7 0.2 0.0 0.0 0.8 2
1 -1.0 -0.8 -4.7 0.2 0.0 0.0 0.8 2
2 -30.0 -30.0 -6.0 30.0 30.0 -5.5 0.2 0.2 0.2
1 6.0 2.0 5.0 0.5 0.5 0.9
1 -6.0 0.0 -3.0 0.8 0.8 0.8
2.0 2.0 4.5
0.0 0.0 0.0
0.0 1.0 0.0
90